001 97.00 29.10 50.30 019 48.30 02.70 03.40 030 32.13 28.40 99.70
000 01.20 22.00 52.70 002 99.20 22.00 52.70 003 50.20 22.00 99.70
001 01.20 22.00 52.70 010 97.00 29.10 50.30
001 50.20 22.00 01.70 004 50.20 22.00 99.70 034 05.40 01.41 51.60
003 50.20 22.00 01.70 005 50.20 22.00 99.70 033 99.20 22.21 27.10
004 50.20 22.00 01.70 006 50.20 22.00 99.70 035 00.00 01.41 64.60
005 50.20 22.00 01.70 007 50.20 22.00 99.70
006 50.20 22.00 01.70 008 50.20 22.00 99.70
007 50.20 22.00 01.70 009 50.20 22.00 99.70 017 99.20 22.00 52.70 037 00.00 00.00 00.00
008 50.20 22.00 01.70 020 01.20 22.00 52.70
002 01.20 22.00 52.70 011 64.20 22.00 99.70
010 50.20 22.00 01.70 012 50.20 22.00 99.70
011 50.20 22.00 01.70 013 50.20 22.00 99.70
012 50.20 22.00 01.70 014 50.20 22.00 99.70
013 50.20 22.00 01.70 015 50.20 22.00 99.70
014 50.20 22.00 01.70 016 50.20 22.00 99.70
015 50.20 22.00 01.70 017 50.20 22.00 99.70
008 01.20 22.00 52.70 016 50.20 22.00 01.70 018 50.20 22.00 99.70
017 50.20 22.00 01.70
000 76.13 22.00 99.50
021 00.00 02.90 24.90 009 99.60 05.50 52.50
022 79.97 00.00 81.30 020 98.36 00.00 12.28
021 00.00 02.90 73.00 023 99.60 05.50 52.50
024 50.20 22.00 00.70
025 50.20 22.00 00.70 023 50.20 22.00 99.70
026 50.20 22.00 00.70 024 50.20 22.00 99.70
027 50.20 22.00 00.70 025 50.20 22.00 99.70
028 50.20 22.00 00.70 026 50.20 22.00 99.70
027 50.20 22.00 99.70
000 48.30 02.70 03.40 031 30.20 00.00 99.70

030 24.90 03.45 00.30 032 83.50 00.00 12.70
031 70.50 00.00 137.0
004 00.00 00.00 50.00
003 99.00 00.00 50.00
005 99.00 00.00 00.00 036 00.00 00.00 00.00 036 00.00 00.00 99.00
035 99.00 00.00 00.00 035 99.00 00.00 99.00
008 99.00 00.00 50.00
037 00.00 20.00 20.00