001 97.00 40.10 50.30 010.0 050.0 050.0 2 019 48.30 36.70 03.40 040.0 050.0 010.0 4 030 32.13 28.40 99.70 070.0 090.0 010.0 0
000 00.20 50.00 52.70 001.0 050.0 050.0 6 002 99.20 40.00 52.70 001.0 050.0 050.0 2 003 50.20 50.00 99.90 050.0 050.0 001.0 0
001 01.20 50.00 52.70 001.0 050.0 050.0 6 010 97.00 40.10 50.30 001.0 050.0 050.0 2 050 50.20 40.00 01.70 050.0 050.0 001.0 4
001 50.20 40.00 01.70 070.0 070.0 001.0 4 004 50.20 40.00 99.70 050.0 050.0 001.0 0 034 05.40 40.41 51.60 001.0 050.0 030.0 6
003 50.20 40.00 01.70 070.0 070.0 001.0 4 005 50.20 40.00 99.70 070.0 070.0 001.0 0 033 99.20 30.21 27.10 010.0 060.0 030.0 3 070 00.20 30.21 80.10 001.0 070.0 030.0 7
004 50.20 40.00 01.70 040.0 050.0 001.0 4 006 50.20 40.00 99.70 050.0 050.0 001.0 0 035 00.00 32.41 68.50 001.0 070.0 030.0 6 071 84.40 35.00 00.00 001.0 050.0 025.0 3 072 99.90 30.00 51.10 001.0 070.0 060.0 2 073 90.20 30.21 94.53 001.0 070.0 030.0 1 076 00.20 30.21 33.10 001.0 070.0 030.0 6
005 50.20 40.00 01.70 040.0 050.0 001.0 4 007 50.20 40.00 99.70 050.0 050.0 001.0 0
006 50.20 40.00 01.70 040.0 050.0 001.0 4 008 50.20 40.00 99.70 050.0 050.0 001.0 0 074 89.40 40.00 99.70 020.0 050.0 001.0 1
007 50.20 40.00 01.70 040.0 050.0 001.0 4 009 50.20 40.00 99.70 050.0 050.0 001.0 0 017 99.20 40.00 50.70 001.0 050.0 050.0 2 037 10.00 40.00 20.00 001.0 050.0 015.0 6 073 83.20 40.00 00.00 015.0 050.0 015.0 3 075 10.20 40.21 00.00 022.0 060.0 001.0 5
008 50.20 40.00 01.70 040.0 050.0 001.0 4 020 01.20 30.00 64.70 001.0 100.0 100.0 6
002 01.20 40.00 52.70 001.0 050.0 050.0 6 011 78.90 40.00 99.70 075.0 100.0 001.0 0 043 99.00 40.10 50.30 001.0 050.0 050.0 2 045 01.20 40.00 00.70 050.0 100.0 027.3 5
010 50.20 40.00 01.70 040.0 050.0 001.0 4 012 50.20 40.00 99.70 050.0 050.0 001.0 0
011 50.20 40.00 01.70 040.0 050.0 001.0 4 013 50.20 40.00 99.70 050.0 050.0 001.0 0 097 99.30 38.50 37.50 001.0 050.0 030.0 2 098 99.30 40.70 70.40 001.0 050.0 030.0 2
012 50.20 40.00 01.70 040.0 050.0 001.0 4 014 50.20 40.00 99.70 050.0 050.0 001.0 0 155 99.30 40.70 50.40 001.0 070.0 050.0 2 163 99.30 30.70 97.40 001.0 080.0 050.0 2
013 50.20 40.00 01.70 040.0 050.0 001.0 4 015 50.20 40.00 99.70 040.0 050.0 001.0 0 078 00.20 40.00 74.70 001.0 070.0 025.0 7
014 50.20 40.00 01.70 040.0 050.0 001.0 4 016 50.20 40.00 99.70 040.0 050.0 001.0 0 077 99.20 35.00 70.30 001.0 060.0 030.0 2 162 99.20 35.00 40.54 001.0 060.0 030.0 2
015 50.20 40.00 01.70 040.0 050.0 001.0 4 017 50.20 40.00 99.70 040.0 050.0 001.0 0 160 00.30 40.70 52.40 001.0 050.0 030.0 6
016 50.20 40.00 01.70 040.0 050.0 001.0 4 018 50.20 40.00 99.70 040.0 050.0 001.0 0 008 01.20 40.00 52.70 001.0 050.0 050.0 6
017 50.20 40.00 01.70 040.0 050.0 001.0 4 038 99.20 40.00 99.70 001.0 100.0 090.0 1 161 99.20 40.00 39.70 001.0 030.0 050.0 2
000 76.13 40.00 99.50 070.0 090.0 010.0 0
021 00.00 40.90 52.90 001.0 070.0 100.0 6 009 99.60 40.50 52.50 001.0 070.0 100.0 2
022 99.97 04.70 89.30 001.0 080.0 080.0 2 020 98.36 30.00 12.28 001.0 080.0 080.0 2
021 00.00 42.90 73.00 001.0 050.0 040.0 6 023 99.60 40.50 52.50 001.0 070.0 100.0 2 120 00.00 30.90 28.50 001.0 060.0 040.0 6
024 50.20 40.00 00.70 045.0 050.0 001.0 4 022 00.20 40.00 50.70 001.0 070.0 100.0 6 082 12.55 40.00 00.00 020.0 050.0 020.0 5
025 50.20 40.00 00.70 050.0 050.0 001.0 4 023 50.20 40.00 99.70 050.0 050.0 001.0 0 041 99.20 40.00 50.70 001.0 050.0 050.0 2
026 50.20 40.00 00.70 050.0 050.0 001.0 4 024 50.20 40.00 99.70 050.0 050.0 001.0 0 079 99.20 40.00 40.80 001.0 070.0 040.0 2 094 99.30 40.70 79.25 001.0 070.0 030.0 2
027 50.20 40.00 00.70 050.0 050.0 001.0 4 025 50.20 40.00 99.70 050.0 050.0 001.0 0 085 00.30 40.70 50.40 001.0 070.0 030.0 6
028 50.20 40.00 00.70 050.0 050.0 001.0 4 026 50.20 40.00 99.70 050.0 050.0 001.0 0 068 99.30 40.70 71.60 001.0 060.0 025.0 2 079 94.40 40.70 99.40 020.0 050.0 020.0 1 087 00.30 35.70 70.40 001.0 080.0 035.0 7
027 50.20 40.00 99.70 050.0 050.0 001.0 0 029 50.20 40.00 00.70 050.0 050.0 001.0 4 091 00.20 40.00 50.70 001.0 070.0 030.0 6
028 50.30 40.70 99.40 050.0 050.0 001.0 0 066 00.30 40.70 72.40 001.0 060.0 030.0 6 067 99.30 40.70 50.40 001.0 070.0 030.0 2 140 50.70 40.70 00.40 050.0 050.0 001.0 4
000 50.20 40.00 00.70 100.0 070.0 001.0 4 031 50.20 35.00 99.70 100.0 080.0 001.0 0
030 24.90 40.45 00.30 050.0 080.0 001.0 4 032 83.50 00.00 12.70 050.0 080.0 001.0 4
031 50.50 40.00 137.0 100.0 080.0 001.0 0 111 00.30 50.70 50.40 001.0 099.0 099.0 6 142 99.30 50.70 50.40 001.0 090.0 100.0 2
004 00.00 40.00 50.00 001.0 050.0 050.0 6
003 99.00 40.00 50.00 001.0 050.0 050.0 2
005 99.00 40.00 00.00 001.0 050.0 050.0 3 036 00.00 40.00 00.00 001.0 050.0 060.0 6 036 00.00 40.00 99.00 001.0 050.0 060.0 6
035 99.00 40.00 00.00 001.0 050.0 060.0 2 035 99.00 40.00 99.00 001.0 050.0 060.0 2
008 99.00 40.00 50.00 001.0 080.0 050.0 2
018 00.00 40.00 50.00 001.0 080.0 100.0 6 039 99.90 00.00 20.00 001.0 080.0 100.0 2
038 00.00 40.00 20.00 001.0 080.0 050.0 6 040 00.00 10.00 70.00 001.0 080.0 050.0 6
039 90.00 40.00 70.00 001.0 050.0 040.0 2 041 50.20 40.00 01.70 050.0 050.0 001.0 4 130 90.00 40.00 30.00 001.0 050.0 040.0 2
040 50.20 40.00 99.70 050.0 050.0 001.0 0 042 50.20 40.00 01.70 050.0 050.0 001.0 4 024 00.20 40.00 50.70 001.0 050.0 050.0 6 069 99.20 40.00 15.55 001.0 070.0 025.0 3
041 50.20 40.00 99.70 050.0 050.0 001.0 0 095 99.30 40.70 76.10 001.0 080.0 040.0 2 096 99.30 40.70 32.10 001.0 080.0 040.0 2 139 50.70 40.70 00.40 050.0 050.0 001.0 4
010 00.20 40.00 52.70 001.0 080.0 100.0 6 044 99.20 40.00 50.70 001.0 080.0 100.0 2
043 00.20 40.00 13.70 001.0 080.0 072.7 6 141 00.20 19.50 92.20 001.0 095.3 083.8 6
010 50.20 40.00 99.70 050.0 050.0 001.0 0 046 00.20 40.00 50.70 001.0 050.0 050.0 6 102 99.20 40.00 50.70 001.0 050.0 050.0 2 099 50.30 40.70 00.40 050.0 050.0 001.0 4
045 99.20 40.00 50.70 001.0 050.0 050.0 2 047 00.20 40.00 50.70 001.0 100.0 100.0 6 050 50.20 40.00 99.70 050.0 050.0 001.0 0
046 99.20 40.00 62.70 001.0 100.0 100.0 2 048 00.20 40.00 50.70 001.0 100.0 100.0 6
047 99.20 40.00 50.70 001.0 100.0 100.0 2 049 00.20 40.00 00.70 100.0 080.0 001.0 5 152 87.50 40.70 00.40 060.0 080.0 001.0 4
048 50.20 40.00 99.70 100.0 080.0 001.0 0 057 50.20 40.00 00.70 100.0 080.0 001.0 4
046 50.20 40.00 01.70 050.0 050.0 001.0 4 002 50.20 40.00 99.70 050.0 050.0 001.0 0
102 00.20 40.00 50.70 001.0 080.0 100.0 6 052 99.90 40.00 50.70 001.0 080.0 100.0 2
051 00.20 40.00 85.70 001.0 080.0 075.0 6 053 00.20 10.00 00.70 001.0 110.0 095.4 6
052 99.20 40.00 29.00 001.0 080.0 050.0 2 054 00.20 40.00 50.70 001.0 100.0 125.0 6 133 99.20 40.00 81.00 001.0 080.0 050.0 2
053 99.20 40.00 50.70 001.0 050.0 050.0 2 055 00.20 40.00 50.70 001.0 050.0 050.0 6 060 50.20 40.00 99.70 050.0 050.0 001.0 0
054 99.20 40.00 50.70 001.0 050.0 050.0 2 056 50.20 40.00 99.70 050.0 050.0 001.0 0 059 00.20 40.00 50.70 001.0 050.0 050.0 6
055 50.20 40.00 00.70 050.0 050.0 001.0 4 062 99.20 40.00 50.70 001.0 050.0 050.0 2 064 50.20 40.00 99.70 050.0 050.0 001.0 0 092 00.20 40.00 50.70 001.0 080.0 100.0 6
049 00.20 40.00 99.70 075.0 080.0 001.0 0 058 80.20 00.00 99.70 075.0 080.0 001.0 0
057 50.20 40.00 00.70 100.0 080.0 001.0 4 059 99.20 40.00 50.70 001.0 050.0 060.0 2 104 00.30 50.70 50.40 001.0 070.0 099.0 6
058 00.20 40.00 50.70 001.0 050.0 050.0 6 055 99.20 40.00 50.70 001.0 050.0 050.0 2
054 50.20 40.00 00.70 050.0 050.0 001.0 4 061 99.20 40.00 50.70 001.0 080.0 100.0 2 062 50.20 40.00 99.70 050.0 050.0 001.0 0
060 00.20 40.00 50.70 001.0 080.0 100.0 6
060 50.20 40.00 00.70 050.0 050.0 001.0 4 056 00.00 40.00 50.70 001.0 050.0 050.0 6 063 50.20 40.00 99.70 050.0 050.0 001.0 0
062 50.20 40.00 00.70 050.0 050.0 001.0 4 064 00.20 40.00 50.70 001.0 050.0 050.0 6 141 99.20 40.00 50.70 001.0 050.0 033.0 2 065 99.20 40.00 80.70 020.0 050.0 020.0 1
063 99.20 40.00 50.70 001.0 050.0 050.0 2 056 50.20 40.00 00.70 050.0 050.0 001.0 4 142 00.30 50.70 50.40 001.0 050.0 050.0 6
141 80.20 40.00 00.70 035.0 080.0 035.0 3 063 30.20 40.00 00.70 035.0 080.0 035.0 5 100 50.70 40.70 99.40 050.0 050.0 001.0 0 159 99.30 40.70 35.40 001.0 050.0 040.0 2
029 99.30 40.00 50.40 001.0 050.0 050.0 2
029 00.30 40.00 50.40 001.0 050.0 050.0 6
027 00.30 40.00 50.40 001.0 050.0 050.0 6 139 99.30 50.70 50.40 001.0 050.0 030.0 2
041 00.20 40.00 50.70 001.0 050.0 050.0 6
004 99.20 40.21 50.10 001.0 050.0 030.0 2 076 99.20 40.21 99.10 030.0 050.0 030.0 1
005 15.20 40.21 99.10 030.0 050.0 030.0 7
005 00.20 40.21 50.10 001.0 050.0 050.0 6
005 20.20 40.21 00.10 030.0 050.0 030.0 5 008 31.20 40.21 99.10 030.0 050.0 030.0 7
007 00.20 40.21 60.10 001.0 050.0 050.0 6
008 99.20 40.21 75.10 001.0 050.0 030.0 2
005 99.20 40.21 79.10 030.0 050.0 030.0 1 070 99.20 40.21 00.10 030.0 050.0 030.0 3
015 00.20 40.00 50.70 001.0 050.0 030.0 6
014 99.20 40.00 34.70 001.0 050.0 030.0 2
025 20.30 40.70 99.40 030.0 050.0 030.0 7 027 16.30 40.70 00.40 020.0 050.0 013.9 5


023 99.30 40.70 44.40 001.0 050.0 030.0 2 083 22.30 40.70 00.40 050.0 050.0 001.0 4
082 65.30 40.70 99.40 030.0 050.0 001.0 0 084 99.30 40.70 10.40 010.0 050.0 030.0 3
083 50.30 40.70 99.40 050.0 080.0 001.0 0 085 50.30 40.70 00.40 050.0 050.0 001.0 4
084 50.30 40.70 99.40 050.0 050.0 001.0 0 026 99.30 40.70 50.40 001.0 050.0 050.0 2 086 00.30 40.70 50.40 001.0 050.0 050.0 6 087 50.30 40.70 00.40 050.0 050.0 001.0 4
085 99.30 40.70 50.40 001.0 050.0 050.0 2
085 50.30 35.70 99.40 050.0 090.0 001.0 0 088 00.30 40.70 40.40 001.0 050.0 050.0 6 089 50.30 40.70 00.40 050.0 050.0 001.0 4 027 99.30 40.70 00.40 001.0 050.0 050.0 3
087 99.30 40.70 50.40 001.0 050.0 050.0 2
087 50.30 40.70 99.40 050.0 050.0 001.0 0 090 00.30 40.70 50.40 001.0 050.0 050.0 6 091 50.30 40.70 00.40 050.0 050.0 001.0 4
089 99.30 40.70 50.40 001.0 050.0 050.0 2
089 50.30 40.70 99.40 050.0 050.0 001.0 0 028 99.20 40.00 50.70 001.0 080.0 040.0 2
056 99.20 40.00 50.70 001.0 050.0 050.0 2 093 00.20 40.00 50.70 001.0 050.0 050.0 6
092 99.20 40.00 50.70 001.0 050.0 050.0 2
025 00.30 40.70 50.40 001.0 080.0 040.0 6
042 00.30 40.70 50.40 001.0 080.0 040.0 6
042 00.30 40.70 50.40 001.0 080.0 040.0 6
012 00.30 40.70 44.40 001.0 050.0 030.0 6 098 39.70 40.70 99.40 080.0 099.0 001.0 0
012 00.30 40.70 44.40 001.0 050.0 030.0 6 097 60.30 40.70 00.40 070.0 090.0 001.0 4 155 50.70 40.70 99.40 050.0 050.0 001.0 0
045 50.70 40.70 99.40 050.0 050.0 001.0 0 101 99.30 40.70 50.40 001.0 100.0 100.0 2 151 50.70 40.70 00.40 050.0 050.0 001.0 4
065 50.70 40.70 00.40 050.0 050.0 001.0 4 138 50.70 40.70 99.40 050.0 050.0 001.0 0
099 00.30 40.70 44.40 001.0 050.0 050.0 6 102 50.70 40.70 99.40 050.0 050.0 001.0 0 103 99.30 50.70 50.40 001.0 099.0 099.0 2
051 99.30 50.70 50.40 001.0 099.0 099.0 2 045 00.30 50.70 50.40 001.0 050.0 050.0 6 101 50.70 40.70 00.40 100.0 100.0 001.0 4
101 00.30 50.70 50.40 001.0 050.0 050.0 6 143 99.30 50.70 60.40 001.0 050.0 035.0 2 145 99.30 50.70 29.30 020.0 050.0 020.0 3 146 63.10 40.70 00.40 025.0 050.0 001.0 4
058 99.30 50.70 50.40 001.0 030.0 030.0 2 105 50.70 40.70 00.40 050.0 050.0 001.0 4 106 00.30 50.70 50.40 001.0 050.0 050.0 6 109 50.70 40.70 99.40 050.0 050.0 001.0 0
104 50.70 40.70 99.40 050.0 050.0 001.0 0
104 99.30 50.70 50.40 001.0 050.0 050.0 2 107 00.30 50.70 99.40 050.0 050.0 050.0 7
106 50.70 40.70 00.40 050.0 050.0 001.0 4 108 50.70 40.70 99.40 050.0 050.0 001.0 0
107 50.70 40.70 00.40 050.0 050.0 001.0 4 112 70.70 40.70 99.40 050.0 050.0 001.0 0
104 50.70 40.70 00.40 050.0 050.0 001.0 4 110 50.70 40.70 99.40 050.0 050.0 001.0 0
109 50.70 40.70 00.40 050.0 050.0 001.0 4 111 82.70 40.70 99.40 030.0 050.0 030.0 1
110 00.70 40.70 00.40 020.0 120.0 040.0 5 032 99.30 50.70 50.40 001.0 099.0 099.0 2 117 50.70 40.70 99.40 050.0 050.0 001.0 0
108 35.70 40.70 00.40 050.0 050.0 001.0 4 113 50.70 40.70 99.40 050.0 050.0 001.0 0 117 99.30 50.70 50.40 001.0 050.0 050.0 2
112 50.70 40.70 00.40 050.0 050.0 001.0 4 114 50.70 40.70 99.40 050.0 050.0 001.0 0
113 50.70 40.70 00.40 050.0 050.0 001.0 4 115 50.70 40.70 99.40 050.0 050.0 001.0 0
114 50.70 40.70 00.40 050.0 050.0 001.0 4 116 50.70 40.70 99.40 050.0 050.0 001.0 0
115 50.70 40.70 00.40 050.0 050.0 001.0 4 121 99.30 50.70 50.40 001.0 050.0 050.0 2
111 50.70 40.70 00.40 050.0 050.0 001.0 4 112 00.30 50.70 50.40 001.0 050.0 050.0 6 118 50.70 40.70 99.40 050.0 050.0 001.0 0
117 50.70 40.70 00.40 050.0 050.0 001.0 4 119 50.70 40.70 99.40 050.0 050.0 001.0 0
118 50.70 40.70 00.40 050.0 050.0 001.0 4 120 50.70 40.70 99.40 050.0 050.0 001.0 0
119 50.70 40.70 00.40 050.0 050.0 001.0 4 022 99.30 50.70 50.40 001.0 040.0 040.0 2 125 50.70 40.70 99.40 050.0 050.0 001.0 0
116 00.30 50.70 50.40 001.0 050.0 050.0 6 122 50.70 40.70 99.40 050.0 050.0 001.0 0 125 99.30 50.70 50.40 001.0 050.0 050.0 2
121 50.70 40.70 00.40 050.0 050.0 001.0 4 123 99.30 50.70 50.40 001.0 050.0 050.0 2
122 00.30 50.70 50.40 001.0 050.0 050.0 6 124 99.30 50.70 50.40 001.0 050.0 050.0 2
123 00.30 50.70 50.40 001.0 050.0 050.0 6 126 99.30 50.70 50.40 001.0 050.0 050.0 2
121 00.30 50.70 50.40 001.0 050.0 050.0 6 120 50.70 40.70 00.40 050.0 050.0 001.0 4 127 99.30 50.70 50.40 001.0 050.0 050.0 2
124 00.30 50.70 50.40 001.0 050.0 050.0 6 127 50.70 40.70 00.40 050.0 050.0 001.0 4 135 99.30 50.70 50.40 001.0 050.0 050.0 2 153 50.70 40.70 99.40 050.0 050.0 001.0 0
126 50.70 40.70 99.40 050.0 050.0 001.0 0 125 00.30 50.70 50.40 001.0 050.0 050.0 6 128 99.30 50.70 50.40 001.0 050.0 050.0 2
127 00.30 50.70 50.40 001.0 050.0 050.0 6 129 99.30 50.70 50.40 001.0 050.0 050.0 2
128 00.30 50.70 50.40 001.0 050.0 050.0 6 130 50.70 40.70 00.40 050.0 050.0 001.0 4 137 50.70 40.70 99.40 050.0 050.0 001.0 0
040 00.30 50.70 50.40 001.0 030.0 030.0 6 129 50.70 40.70 99.40 050.0 050.0 001.0 0 131 50.70 40.70 00.40 050.0 050.0 001.0 4
130 50.70 40.70 99.40 050.0 050.0 001.0 0 132 50.70 40.70 00.40 050.0 050.0 001.0 4
131 50.70 40.70 99.40 050.0 050.0 001.0 0 133 50.70 40.70 00.40 050.0 050.0 001.0 4 134 99.30 50.70 50.40 001.0 050.0 050.0 2 141 00.30 50.70 50.40 001.0 050.0 050.0 6
132 50.70 40.70 99.40 050.0 050.0 001.0 0 053 00.30 50.70 50.40 001.0 050.0 050.0 6
132 00.30 50.70 50.40 001.0 050.0 050.0 6
126 00.30 50.70 50.40 001.0 050.0 050.0 6 136 99.30 50.70 50.40 001.0 050.0 050.0 2
135 00.30 50.70 50.40 001.0 050.0 050.0 6 137 99.30 50.70 50.40 001.0 050.0 050.0 2
136 00.30 50.70 50.40 001.0 050.0 050.0 6 129 50.70 40.70 00.40 050.0 050.0 001.0 4
100 70.70 40.70 00.40 050.0 050.0 001.0 4 139 50.70 40.70 99.40 050.0 050.0 001.0 0 156 99.30 50.70 50.40 001.0 050.0 030.0 2 157 99.30 50.70 81.40 001.0 050.0 030.0 2
138 50.70 40.70 00.40 050.0 050.0 001.0 4 042 50.70 40.70 99.40 050.0 050.0 001.0 0 158 00.70 30.70 99.40 020.0 060.0 030.0 7 068 00.30 40.70 70.40 001.0 080.0 030.0 6
029 50.70 40.70 99.40 050.0 050.0 001.0 0 142 50.70 40.70 00.40 050.0 050.0 001.0 4 154 00.30 40.70 50.40 001.0 080.0 030.0 6
063 00.30 50.70 40.40 001.0 150.0 150.0 6 044 99.20 40.00 80.70 001.0 090.0 055.0 2 132 99.20 40.00 25.70 001.0 090.0 055.0 2
140 50.70 40.70 99.40 050.0 050.0 001.0 0 032 00.30 50.70 50.40 001.0 050.0 050.0 6 064 99.30 50.70 50.40 001.0 050.0 050.0 2
103 00.30 50.70 50.40 001.0 050.0 035.0 6 144 99.30 50.70 50.40 001.0 050.0 050.0 2 145 00.70 40.70 21.40 020.0 050.0 020.0 5
143 00.30 60.70 50.40 001.0 080.0 040.0 6
143 99.70 40.70 79.40 020.0 050.0 020.0 1 103 00.70 40.70 79.40 020.0 050.0 020.0 7 146 00.70 40.70 21.40 020.0 050.0 020.0 5
145 99.70 40.70 79.40 020.0 050.0 020.0 1 103 50.70 40.70 99.40 050.0 050.0 001.0 0 147 20.70 40.70 21.40 020.0 050.0 020.0 5
146 99.70 40.70 79.40 020.0 050.0 020.0 1 148 20.70 40.70 21.40 020.0 050.0 020.0 5
147 91.50 40.70 99.40 020.0 050.0 020.0 1 149 39.70 40.70 00.40 020.0 050.0 020.0 5 150 00.30 50.70 50.40 001.0 050.0 050.0 6
148 75.50 40.70 99.40 020.0 050.0 020.0 1 150 00.30 45.70 99.40 001.0 050.0 059.0 7
148 99.30 50.70 62.40 001.0 050.0 035.0 2 151 50.70 40.70 99.40 050.0 050.0 001.0 0
150 50.70 40.70 00.40 050.0 050.0 001.0 4 099 50.70 40.70 99.40 050.0 050.0 001.0 0
048 50.70 40.70 99.40 050.0 050.0 001.0 0
126 50.70 40.70 00.40 050.0 050.0 001.0 4
140 99.30 50.70 50.40 001.0 050.0 030.0 2
098 40.70 40.70 00.40 040.0 050.0 001.0 4 013 00.30 50.70 60.40 001.0 050.0 030.0 6
138 00.30 60.70 50.40 001.0 080.0 040.0 6
138 00.30 60.70 50.40 001.0 080.0 040.0 6
139 99.30 30.70 22.40 001.0 080.0 040.0 3
065 00.30 60.70 50.40 001.0 080.0 040.0 6
016 84.30 45.70 99.40 030.0 050.0 030.0 1
018 00.30 60.70 50.40 001.0 080.0 040.0 6
015 00.30 60.70 50.40 001.0 080.0 040.0 6
013 00.30 60.70 50.40 001.0 080.0 040.0 6